max
1/2 1 -1 3/4 0 2/7 0 1 0 5/3 0 -2 0 3/5 1 0 4 0 -1 2/9 0 1 0 7/8 0 1 0 -3/2 0 1
1 0 0 0 0 2/3 0 0 1 0 0 0 1 0 0 0 2 0 0 0 1 0 0 0 1 0 0 0 1 0 <= 10
0 1 0 0 0 0 3/5 0 0 1 0 0 0 1 0 0 0 3/2 0 0 0 1 0 0 0 1 0 0 0 1 <= 11
0 0 1 0 0 0 0 1/4 0 0 1 0 0 0 1 0 0 0 2 0 0 0 1 0 0 0 1 0 0 0 <= 12
0 0 0 1 0 0 0 0 2/3 0 0 1 0 0 0 1 0 0 0 1 0 0 0 1 0 0 0 1 0 0 <= 13
0 0 0 0 1 0 0 0 0 3/4 0 0 1 0 0 0 1 0 0 0 2 0 0 0 1 0 0 0 1 0 <= 14
1 1 0 0 0 1 0 0 0 0 1/2 0 0 1 0 0 0 1 0 0 0 1 0 0 0 1 0 0 0 1 <= 15
0 1 1 0 0 0 1 0 0 0 0 3/5 0 0 1 0 0 0 1 0 0 0 1 0 0 0 1 0 0 0 <= 16
0 0 1 1 0 0 0 1 0 0 0 0 2/7 0 0 1 0 0 0 1 0 0 0 1 0 0 0 1 0 0 <= 17
0 0 0 1 1 0 0 0 1 0 0 0 0 1/3 0 0 1 0 0 0 1 0 0 0 1 0 0 0 1 0 <= 18
0 0 0 0 1 1 0 0 0 1 0 0 0 0 2/9 0 0 1 0 0 0 1 0 0 0 1 0 0 0 1 <= 19
1 0 0 0 0 1 1 0 0 0 1 0 0 0 0 3/8 0 0 1 0 0 0 1 0 0 0 1 0 0 0 <= 20
0 1 0 0 0 0 1 1 0 0 0 1 0 0 0 0 4/5 0 0 1 0 0 0 1 0 0 0 1 0 0 <= 21
0 0 1 0 0 0 0 1 1 0 0 0 1 0 0 0 0 5/6 0 0 1 0 0 0 1 0 0 0 1 0 <= 22
0 0 0 1 0 0 0 0 1 1 0 0 0 1 0 0 0 0 1/7 0 0 1 0 0 0 1 0 0 0 1 <= 23
0 0 0 0 1 0 0 0 0 1 1 0 0 0 1 0 0 0 0 2/3 0 0 1 0 0 0 1 0 0 0 <= 24
x1 >= 0
x2 >= 0
x3 >= 0
x4 >= 0
x5 >= 0
x6 >= 0
x7 >= 0
x8 >= 0
x9 >= 0
x10 >= 0
x11 >= 0
x12 >= 0
x13 >= 0
x14 >= 0
x15 >= 0
x16 >= 0
x17 >= 0
x18 >= 0
x19 >= 0
x20 >= 0
x21 >= 0
x22 >= 0
x23 >= 0
x24 >= 0
x25 >= 0
x26 >= 0
x27 >= 0
x28 >= 0
x29 >= 0
x30 >= 0