min
1 -2 3/4 0 5/7 1 0 -3/2 2 1/3 0 4 0 1 0 2/5 -1 0 3 1
1 0 0 2/3 0 1 0 0 1 0 0 0 1/2 0 2 0 0 1 0 1 <= 6
0 1 0 0 3/5 0 1 0 0 2 0 0 0 1 0 0 3/4 0 1 0 <= 7
0 0 1 0 0 1/4 0 1 0 0 2 0 0 0 1 0 0 3/2 0 1 <= 8
2/3 0 0 1 0 0 1 0 1 0 0 2 0 0 0 1 0 0 1 0 <= 9
0 1 1 0 1 0 0 1/3 0 1 0 0 2 0 0 0 1 0 0 1 <= 10
1 0 1 0 1 0 1 0 1 0 1 0 1 0 1 0 1 0 1 0 <= 11
0 2/3 0 1 0 1 0 1 0 1 0 1 0 1 0 1 0 1 0 1 <= 12
1 1 0 0 0 0 2/5 0 0 0 1 1 0 0 0 0 2 0 0 0 <= 13
0 0 1 1 0 0 0 0 3/4 0 0 0 1 1 0 0 0 0 1 0 <= 14
1 0 0 0 1 1 0 0 0 1 1 0 0 0 1 1 0 0 0 1 <= 15
x1 >= 0
x2 >= 0
x3 >= 0
x4 >= 0
x5 >= 0
x6 >= 0
x7 >= 0
x8 >= 0
x9 >= 0
x10 >= 0
x11 >= 0
x12 >= 0
x13 >= 0
x14 >= 0
x15 >= 0
x16 >= 0
x17 >= 0
x18 >= 0
x19 >= 0
x20 >= 0
